{
  "mode": "eye_in_hand",
  "data_dir": "C:\\Users\\Yande\\Desktop\\向同学_个人文件总库\\01_项目与实践\\01_当前主线项目\\葡萄采摘机器人\\工程代码-总\\rm65-pickframe-teleop-mvp-v1.0\\_dev_test\\yinzhi\\xyd\\recalibration_work\\sessions\\20260528_v3_d435_243622071729_full_calibration\\data\\eye_in_hand_data\\data_20260528_163707",
  "intrinsics_json": "C:\\Users\\Yande\\Desktop\\向同学_个人文件总库\\01_项目与实践\\01_当前主线项目\\葡萄采摘机器人\\工程代码-总\\rm65-pickframe-teleop-mvp-v1.0\\_dev_test\\yinzhi\\xyd\\recalibration_work\\camera_profiles\\d435_243622071729_1280x720\\d435_color_intrinsics_20260528_163607.json",
  "board_inner_corners": [
    10,
    9
  ],
  "square_size_m": 0.028,
  "total_pose_lines": 31,
  "used_samples": 31,
  "skipped_samples": [],
  "chosen_method": "TSAI",
  "robot_pose_rotation_convention": "RM65 Euler angles, R = Rz @ Ry @ Rx, unit rad",
  "result": {
    "TSAI": {
      "T_end_camera": [
        [
          -0.024160566869056543,
          0.9996887140693435,
          -0.006224304856634026,
          -0.08130444056068804
        ],
        [
          -0.9997054719842843,
          -0.024174286649101928,
          -0.002138492386361741,
          0.04840402949193535
        ],
        [
          -0.0022882948335647174,
          0.00617080443617573,
          0.9999783422051525,
          0.0026187970845866805
        ],
        [
          0.0,
          0.0,
          0.0,
          1.0
        ]
      ],
      "translation_m": [
        -0.08130444056068804,
        0.04840402949193535,
        0.0026187970845866805
      ]
    },
    "PARK": {
      "T_end_camera": [
        [
          -0.031568510002253414,
          0.9994822397650621,
          -0.0062194509759239125,
          -0.08054234699582044
        ],
        [
          -0.9994961537129212,
          -0.03158825091292372,
          -0.0031017926004639484,
          0.04879834025410554
        ],
        [
          -0.00329664819356712,
          0.006118398357907007,
          0.9999758483644601,
          0.002240211010791405
        ],
        [
          0.0,
          0.0,
          0.0,
          1.0
        ]
      ],
      "translation_m": [
        -0.08054234699582044,
        0.04879834025410554,
        0.002240211010791405
      ]
    },
    "HORAUD": {
      "T_end_camera": [
        [
          -0.032349275320441406,
          0.9994576877157193,
          -0.0061526296972561605,
          -0.08046293095528126
        ],
        [
          -0.9994710121923001,
          -0.032369111477848156,
          -0.0031522070737016574,
          0.048838808629218126
        ],
        [
          -0.00334965274963539,
          0.006047403416666799,
          0.9999761040836791,
          0.002199220590485794
        ],
        [
          0.0,
          0.0,
          0.0,
          1.0
        ]
      ],
      "translation_m": [
        -0.08046293095528126,
        0.048838808629218126,
        0.002199220590485794
      ]
    },
    "ANDREFF": {
      "T_end_camera": [
        [
          -0.02936418435385274,
          0.9995514481409054,
          -0.005886186936586803,
          -0.0785673229262602
        ],
        [
          -0.9995641115797491,
          -0.02938153446238201,
          -0.002883101528378274,
          0.03993928398694082
        ],
        [
          -0.003054753512157067,
          0.005798961291071526,
          0.999978520033768,
          0.04527475998856523
        ],
        [
          0.0,
          0.0,
          0.0,
          1.0
        ]
      ],
      "translation_m": [
        -0.0785673229262602,
        0.03993928398694082,
        0.04527475998856523
      ]
    },
    "DANIILIDIS": {
      "T_end_camera": [
        [
          -0.10228263191285802,
          0.9946851368581338,
          -0.011821240311162778,
          -0.07390916874212429
        ],
        [
          -0.9946957649770347,
          -0.10239937812098454,
          -0.009731520805470788,
          0.052443757130004244
        ],
        [
          -0.01089028676070927,
          0.01076317211379113,
          0.9998827710188422,
          0.000715019303506752
        ],
        [
          0.0,
          0.0,
          0.0,
          1.0
        ]
      ],
      "translation_m": [
        -0.07390916874212429,
        0.052443757130004244,
        0.000715019303506752
      ]
    }
  },
  "note": "T_end_camera 表示相机坐标系到机械臂末端/夹爪坐标系的变换，需后续实测验证。"
}